# oST version 5.0 parameters


[image]

width
1280

height
1024

[narrow_stereo]

camera matrix
1301.146511 0.000000 664.095447
0.000000 1300.472468 478.708339
0.000000 0.000000 1.000000

distortion
-0.483005 0.241694 -0.000004 0.000666 0.000000

rectification
1.000000 0.000000 0.000000
0.000000 1.000000 0.000000
0.000000 0.000000 1.000000

projection
1130.104370 0.000000 672.276673 0.000000
0.000000 1192.758179 472.058738 0.000000
0.000000 0.000000 1.000000 0.000000
